# This file may be used to create an environment using:
# $ conda create --name <env> --file <this file>
# platform: linux-64
appdirs=1.4.3=py36_0
bleach=2.0.0=py36_intel_0
bzip2=1.0.6=intel_14
ca-certificates=2018.03.07=0
certifi=2018.1.18=py36_intel_0
cycler=0.10.0=py36_intel_5
dbus=1.13.2=hc3f9b76_0
decorator=4.0.11=py36_intel_1
entrypoints=0.2.2=py36_intel_2
expat=2.2.5=he0dffb1_0
fontconfig=2.12.5=intel_0
freetype=2.8=intel_0
glib=2.53.6=h5d9569c_2
gst-plugins-base=1.12.4=h33fb286_0
gstreamer=1.12.4=hb53b477_0
html5lib=0.999999999=py36_intel_0
icu=58.2=h9c2bf20_1
intel-openmp=2018.0.0=8
intelpython=2018.0.3=0
ipykernel=4.5.2=py36_0
ipython=5.3.0=py36_0
ipython_genutils=0.2.0=py36_intel_0
ipywidgets=6.0.0=py36_intel_0
jinja2=2.9.5=py36_0
jpeg=9c=intel_0
jsonschema=2.6.0=py36_intel_0
jupyter=1.0.0=py36_intel_5
jupyter_client=5.1.0=py36_intel_0
jupyter_console=5.1.0=py36_intel_0
jupyter_core=4.4.0=py36_intel_1
kiwisolver=1.0.1=py36_1
libedit=3.1.20170329=h6b74fdf_2
libffi=3.2.1=intel_8
libgcc=7.2.0=h69d50b8_2
libgcc-ng=7.2.0=hdf63c60_3
libgfortran-ng=7.2.0=hdf63c60_3
libpng=1.6.34=intel_1
libprotobuf=3.2.0=0
libsodium=1.0.16=intel_1
libstdcxx-ng=7.2.0=hdf63c60_3
libxcb=1.13=h1bed415_1
libxml2=2.9.5=intel_0
markupsafe=1.0=py36_intel_0
matplotlib=2.2.2=py36h0e671d2_0
mistune=0.7.4=py36_intel_1
mkl=2017.0.3=intel_6
mock=2.0.0=py36_intel_4
nbconvert=5.1.1=py36_0
nbformat=4.3.0=py36_intel_0
ncurses=6.1=hf484d3e_0
notebook=4.4.1=py36_0
numpy=1.12.1=py36_0
openmp=2017.0.4=intel_0
openssl=1.0.2o=intel_0
packaging=16.8=py36ha668100_1
pandocfilters=1.4.1=py36_intel_0
path.py=11.0.1=py36_intel_0
pbr=1.10.0=py36_intel_4
pcre=8.42=h439df22_0
pexpect=4.2.1=py36_intel_1
pickleshare=0.7.4=py36_intel_1
pip=9.0.1=py36_intel_0
prompt_toolkit=1.0.15=py36_intel_0
protobuf=3.2.0=py36_intel_2
ptyprocess=0.5.1=py36_intel_5
pygments=2.2.0=py36_intel_1
pyparsing=2.2.0=py36_intel_0
pyqt=5.6.0=py36_2
python=3.6.5=hc3d631a_2
python-dateutil=2.6.0=py36_intel_3
pytz=2018.4=py36_intel_0
pyzmq=16.0.2=py36_intel_4
qt=5.6.2=h974d657_12
qtconsole=4.3.0=py36_0
readline=7.0=ha6073c6_4
setuptools=27.2.0=py36_intel_0
simplegeneric=0.8.1=py36_intel_5
sip=4.19.8=py36hf484d3e_0
six=1.10.0=py36_intel_8
sqlite=3.23.1=intel_0
tcl=8.6.4=intel_19
tensorflow=1.1.0=py36_0
terminado=0.6=py36_intel_6
testpath=0.3=py36_0
tk=8.6.7=hc745277_3
tornado=4.5.2=py36_intel_0
tqdm=4.23.4=py36_0
traitlets=4.3.2=py36_intel_1
wcwidth=0.1.7=py36_intel_5
webencodings=0.5.1=py36_0
werkzeug=0.14.1=py_0
wheel=0.31.0=py36_intel_0
widgetsnbextension=2.0.0=py36_0
xz=5.2.3=intel_0
zeromq=4.2.3=intel_0
zlib=1.2.11=intel_3
